1.000000000000000000e+00 2.000000000000000000e+00
6.250000000000000000e+03 1.250000000000000000e+04
1.937722861766815186e-01 1.844887733459472656e-01
1.188921043649315834e-03 1.399009954184293747e-03
0.000000000000000000e+00 0.000000000000000000e+00
8.390427502821484751e-03 1.789426013528960802e-02
1.648720534860592668e-02 2.043606630432295498e-02
1.650737971067428589e-01 1.638232767581939697e-01
4.996765404939651489e-02 4.793282970786094666e-02
2.982757389545440674e-01 2.417337000370025635e-01
1.609056740999221802e-01 1.596844047307968140e-01
